2 0.118 0.351 0.111 0.101
2 0.195 0.322 0.034 0.053
2 0.024 0.286 0.024 0.038
2 0.240 0.329 0.067 0.091
2 0.279 0.274 0.038 0.043
2 0.338 0.315 0.070 0.077
2 0.401 0.327 0.053 0.062
2 0.434 0.292 0.031 0.036
2 0.486 0.337 0.067 0.082
2 0.607 0.371 0.050 0.079
2 0.864 0.433 0.108 0.087
2 0.903 0.339 0.041 0.062
2 0.812 0.350 0.038 0.050
0 0.757 0.321 0.034 0.046
0 0.709 0.319 0.034 0.050
0 0.678 0.331 0.038 0.050
2 0.642 0.337 0.038 0.062
0 0.613 0.292 0.019 0.026
2 0.119 0.017 0.113 0.034
2 0.196 0.019 0.036 0.038
2 0.024 0.046 0.024 0.038
2 0.242 0.025 0.070 0.050
2 0.279 0.058 0.038 0.043
2 0.337 0.029 0.072 0.058
2 0.403 0.019 0.055 0.038
2 0.434 0.042 0.031 0.036
2 0.487 0.019 0.070 0.038
2 0.901 0.013 0.043 0.026
2 0.814 0.005 0.041 0.010
0 0.758 0.018 0.036 0.036
0 0.710 0.020 0.036 0.041
0 0.679 0.014 0.041 0.029
2 0.643 0.014 0.041 0.029
0 0.613 0.042 0.019 0.026
