0 0.806 0.337 0.075 0.077
0 0.946 0.505 0.084 0.067
0 0.487 0.334 0.050 0.053
0 0.405 0.427 0.060 0.050
0 0.749 0.370 0.084 0.082
0 0.962 0.440 0.062 0.067
0 0.224 0.454 0.043 0.034
0 0.175 0.444 0.038 0.041
0 0.469 0.415 0.034 0.046
0 0.770 0.427 0.050 0.060
0 0.267 0.353 0.034 0.034
0 0.218 0.358 0.036 0.029
0 0.127 0.444 0.038 0.036
0 0.594 0.417 0.048 0.050
0 0.246 0.428 0.036 0.034
0 0.308 0.412 0.029 0.031
0 0.806 0.106 0.075 0.077
0 0.487 0.108 0.050 0.053
0 0.404 0.022 0.062 0.043
0 0.749 0.072 0.084 0.082
0 0.963 0.019 0.065 0.038
0 0.225 0.004 0.046 0.007
0 0.177 0.011 0.041 0.022
0 0.469 0.030 0.034 0.046
0 0.769 0.024 0.053 0.048
0 0.267 0.089 0.034 0.034
0 0.218 0.084 0.036 0.029
0 0.129 0.010 0.041 0.019
0 0.594 0.028 0.048 0.050
0 0.245 0.017 0.038 0.034
0 0.308 0.032 0.029 0.031
