2 0.062 0.444 0.111 0.118
2 0.633 0.391 0.050 0.055
2 0.206 0.375 0.050 0.062
2 0.673 0.385 0.038 0.038
2 0.079 0.393 0.077 0.079
2 0.171 0.386 0.053 0.065
2 0.948 0.475 0.079 0.094
2 0.340 0.357 0.031 0.041
2 0.444 0.364 0.036 0.046
2 0.518 0.370 0.036 0.048
2 0.804 0.423 0.070 0.082
2 0.064 0.059 0.113 0.118
2 0.633 0.112 0.050 0.055
2 0.206 0.125 0.050 0.062
2 0.673 0.115 0.038 0.038
2 0.079 0.109 0.077 0.079
2 0.171 0.117 0.053 0.065
2 0.947 0.037 0.082 0.075
2 0.947 0.988 0.082 0.019
2 0.340 0.145 0.031 0.041
2 0.444 0.138 0.036 0.046
2 0.518 0.130 0.036 0.048
2 0.804 0.077 0.070 0.082
