0 0.731 0.630 0.058 0.072
0 0.560 0.506 0.038 0.050
0 0.615 0.487 0.038 0.046
2 0.031 0.636 0.043 0.046
2 0.124 0.633 0.046 0.050
2 0.195 0.584 0.043 0.043
2 0.410 0.386 0.026 0.026
2 0.375 0.535 0.034 0.036
2 0.828 0.476 0.036 0.038
2 0.252 0.548 0.034 0.034
2 0.215 0.531 0.036 0.038
2 0.321 0.540 0.036 0.041
2 0.285 0.508 0.041 0.036
2 0.424 0.514 0.041 0.034
2 0.387 0.484 0.038 0.041
2 0.452 0.462 0.034 0.034
2 0.562 0.428 0.034 0.038
2 0.662 0.399 0.031 0.034
2 0.340 0.516 0.031 0.041
2 0.200 0.357 0.024 0.031
