0 0.072 0.348 0.058 0.065
2 0.314 0.348 0.075 0.080
2 0.478 0.367 0.072 0.075
2 0.808 0.370 0.058 0.084
2 0.626 0.363 0.050 0.070
0 0.541 0.355 0.024 0.041
0 0.375 0.353 0.034 0.051
0 0.573 0.358 0.031 0.051
0 0.755 0.366 0.029 0.043
2 0.900 0.372 0.036 0.051
2 0.133 0.353 0.041 0.046
2 0.019 0.358 0.034 0.046
2 0.171 0.349 0.024 0.034
0 0.072 0.093 0.058 0.065
2 0.314 0.093 0.075 0.080
2 0.478 0.073 0.072 0.075
2 0.808 0.071 0.058 0.084
2 0.626 0.078 0.050 0.070
0 0.541 0.086 0.024 0.041
0 0.375 0.088 0.034 0.051
0 0.573 0.083 0.031 0.051
0 0.755 0.072 0.029 0.043
2 0.900 0.069 0.036 0.051
2 0.133 0.088 0.041 0.046
2 0.019 0.083 0.034 0.046
2 0.171 0.089 0.024 0.034
