0 0.178 0.349 0.072 0.082
0 0.373 0.436 0.101 0.096
0 0.276 0.522 0.154 0.142
2 0.844 0.271 0.087 0.104
2 0.706 0.299 0.055 0.072
2 0.442 0.334 0.067 0.070
0 0.606 0.327 0.038 0.055
0 0.544 0.346 0.041 0.055
0 0.511 0.348 0.031 0.046
0 0.466 0.345 0.034 0.058
2 0.673 0.331 0.048 0.046
2 0.929 0.320 0.036 0.053
0 0.179 0.013 0.075 0.027
2 0.844 0.064 0.087 0.104
2 0.704 0.036 0.058 0.072
2 0.444 0.018 0.070 0.036
0 0.607 0.018 0.041 0.036
0 0.543 0.008 0.043 0.017
0 0.510 0.005 0.034 0.010
0 0.468 0.010 0.036 0.019
2 0.674 0.013 0.050 0.027
2 0.928 0.020 0.038 0.041
